21
11
11
11
11
11
11
11
11
11
11
11
11
11
11
650000
11
11
100000
100000
10051
11
11
11
11
11
11
11
11
11
100000
100000
100000
101
11
11
100000
11
11
111
100000
100000
10231
11
10101
100000
100000
11
100000
100000
11
151
11
11
11
11
100000
100000
11
901
16777214
16777214
11
100000
11
100000
100000
10151
151
11
11
100000
11
11
650000
16
11
100000
100000
16777214
16777214
11
31
401
11
11
10011
100000
100000
10051
931
11
11
11
10011
11
61
100000
100000
61
11
911
100000
100000
10251
11
11
11
10041
100000
100000
11
100000
11
11
11
100000
10051
100000
11
11
11
10011
11
11
100000
100000
151
11
11
10291
11
10041
741
100000
100000
201
11
11
131
16777214
16777214
11
100000
10081
100000
11
11
11
311
331
11
100000
100000
16777214
16777214
11
100000
11
100000
11
171
1611
11
100000
100000
10011
11
11
10011
11
491
61
100000
11
100000
461
11
100000
10051
100000
11
10051
11
31
100000
100000
281
151
11
16777214
16777214
11
100000
100000
10151
11
10051
100000
100000
11
100000
10131
100000
11
10081
11
11
100000
100000
10081
11
911
11
291
11
11
10041
10051
10051
101
61
91
11
61
100000
100000
10251
11
11251
11
10011
11
11
10131
11
100000
491
291
100000
461
11
10091
100000
10191
281
100000
11
11
11
11
100000
10161
11
61
691
11
100000
100000
10141
11
100000
1051
11
61
100000
11
100000
741
11
201
100000
11
11
10121
100000
100000
11
11
201
11
11
11
10051
11
10131
100000
100000
11
10091
100000
100000
11
100000
100000
10241
11
11
591
11
10081
10041
201
100000
100000
91
10081
11
100000
100000
10101
11
11
11
10031
100000
261
1601
11
100000
11211
10071
11
100000
10041
100000
11
100000
100000
10051
221
11
161
100000
11
10091
11
100000
1661
100000
1611
11
11
1051
11
11
100000
100000
11
311
331
11
100000
10061
100000
11
11
1661
10101
100000
81
11
171
11
100000
16777214
16777214
11
61
100000
100000
11
11
16777214
16777214
11
100000
331
100000
16777214
16777214
11
51
100000
100000
11
10091
11
11
11
16777214
16777214
11
100000
711
10061
100000
301
11
891
331
100000
11
11
1601
351
100000
591
11
861
16777214
16777214
11
100000
100000
11
121
11
11
10141
11
11
10181
100000
10151
100000
11
100000
100000
10341
11
10291
100000
261
100000
11
11
101
11
100000
11
10011
100000
11
100000
100000
11
101
11
691
11
100000
100000
11
11
10121
11
151
11
11
11
10031
10011
100000
100000
11
11
161
11
100000
100000
10211
11
10041
100000
10061
100000
11
131
100000
121
100000
11
100000
100000
11211
11
10181
131
10061
100000
100000
61
11
11
11
11
100000
100000
11
11
100000
100000
691
11
11
11
111
131
10151
100000
100000
11
11
11
100000
100000
10231
11
100000
11
100000
401
11
100000
100000
11
11
10221
10111
10011
11
11
100000
100000
11
10161
11
11
311
11
11
111
100000
10131
11
100000
131
11
891
100000
100000
11
11
1331
861
11
10051
10051
10031
100000
100000
11
61
11
1051
16777214
16777214
11
10031
11
10011
11
100000
100000
41
691
11
10221
100000
100000
11
100000
10031
10011
100000
11
11
100000
100000
10091
11
100000
11
100000
71
11
11
100000
121
100000
11
31
10011
100000
11
11
100000
11
10031
10071
61
11
100000
11
100000
61
10101
10241
11
100000
100000
10051
11
10031
11
10121
100000
100000
100000
100000
11
100000
10231
100000
11
100000
100000
11
11
11
11
811
16777214
16777214
11
10031
100000
100000
11
31
10031
151
100000
100000
11
10071
10081
901
1331
16777214
16777214
11
10011
11
11
71
10251
100000
11
191
10081
11
201
100000
100000
11
11
100000
100000
10191
11
11
11
11
100000
100000
10011
11
10031
100000
100000
11
11
11
100000
100000
11
71
100000
100000
11
10241
11
10071
11
111
100000
10011
100000
11
11
11
11
100000
100000
101
501
11
100000
100000
10251
11
100000
100000
10071
11
11
100000
100000
11
11
61
11
1091
11
10101
10011
151
11
221
100000
100000
1221
11
51
100000
11
1651
100000
11
10091
11
131
10061
10051
81
100000
151
11
100000
10121
11
100000
391
100000
100000
351
11
11
11
10071
10081
11
10091
100000
11
10141
100000
100000
191
201
11
10111
100000
100000
61
10111
11
100000
11
10011
61
11
11
100000
100000
931
16777214
16777214
11
11
100000
11
100000
11
1131
10191
16777214
16777214
11
191
100000
100000
11
100000
11
100000
11
11
1131
11
11
10011
100000
100000
11
100000
100000
10091
11
100000
10251
10041
51
11
100000
11
10031
100000
11
11
100000
100000
10211
1221
16777214
16777214
11
11
11
11
41
100000
11
1091
100000
11
11
11
100000
100000
10191
11
331
151
10341
311
11
10111
100000
100000
11
10111
11
100000
100000
11
11
811
11
10091
10231
151
191
10161
11
100000
100000
11
301
501
11
10141
100000
100000
11
100000
100000
10041
10031
11
391
100000
61
100000
11
11
51
100000
11
11251
100000
11
11
11
11
11
11
11
11
10131
11
71
100000
11
100000
291
11
10131
11
100000
11
121
100000
11
10511
11
100000
10111
100000
11
100000
100000
10061
11
100000
331
100000
1051
11
100000
100000
10251
11
11
100000
100000
101
291
11
100000
11
11
100000
10101
11
11
11
100000
100000
11
711
100000
100000
16777214
16777214
11
10511
100000
100000
1651
11
100000
100000
10241
